# FORMATTED DATA from: Fuji Dome Ice Core 340KYr Carbon Dioxide Data
#  THIS FILE CONTAINS THE CO2 derivative computed from the compilation of Kawamura et al., 2003 (https://www.ncei.noaa.gov/metadata/geoportal/rest/metadata/item/noaa-icecore-6077/html)
 -337617.0  -745.0   Time interval
   290   N. of data-points
# 
# Age(yrBP)      diff_CO2(ppmv/yearBP)        Sigma
-337617.000000 	 0.000000 	 0.000010
-336501.000000 	 -0.001713 	 0.000010
-335048.000000 	 -0.010921 	 0.000010
-334633.000000 	 0.000211 	 0.000010
-332210.000000 	 -0.000570 	 0.000010
-330244.000000 	 0.000190 	 0.000010
-327999.000000 	 -0.001446 	 0.000010
-325402.000000 	 -0.004508 	 0.000010
-322830.000000 	 -0.004730 	 0.000010
-320307.000000 	 -0.001538 	 0.000010
-318540.000000 	 0.007626 	 0.000010
-317160.000000 	 0.004883 	 0.000010
-315386.000000 	 -0.002882 	 0.000010
-313309.000000 	 -0.001967 	 0.000010
-310709.000000 	 -0.005099 	 0.000010
-308426.000000 	 -0.002920 	 0.000010
-306463.000000 	 0.003284 	 0.000010
-303797.000000 	 -0.000083 	 0.000010
-301620.000000 	 -0.005885 	 0.000010
-299243.000000 	 -0.004342 	 0.000010
-296645.000000 	 -0.002440 	 0.000010
-295145.000000 	 0.001840 	 0.000010
-292351.000000 	 0.006324 	 0.000010
-290148.000000 	 0.002805 	 0.000010
-288002.000000 	 -0.001696 	 0.000010
-286374.000000 	 -0.001612 	 0.000010
-284032.000000 	 -0.001053 	 0.000010
-281531.000000 	 -0.003569 	 0.000010
-278484.000000 	 -0.005851 	 0.000010
-276045.000000 	 -0.001525 	 0.000010
-273895.000000 	 -0.001349 	 0.000010
-272636.000000 	 -0.003323 	 0.000010
-269531.000000 	 -0.000017 	 0.000010
-266752.000000 	 0.002073 	 0.000010
-263597.000000 	 0.004896 	 0.000010
-261585.000000 	 0.000467 	 0.000010
-259955.000000 	 -0.002779 	 0.000010
-258130.000000 	 0.001335 	 0.000010
-255459.000000 	 -0.001799 	 0.000010
-253239.000000 	 -0.003615 	 0.000010
-251780.000000 	 0.000561 	 0.000010
-249495.000000 	 0.003237 	 0.000010
-247610.000000 	 0.007121 	 0.000010
-245661.000000 	 0.010835 	 0.000010
-244915.000000 	 0.019438 	 0.000010
-243634.000000 	 0.016659 	 0.000010
-242688.000000 	 -0.002720 	 0.000010
-241355.000000 	 -0.008216 	 0.000010
-240339.000000 	 0.001808 	 0.000010
-238811.000000 	 -0.002430 	 0.000010
-237911.000000 	 -0.000403 	 0.000010
-235831.000000 	 -0.000577 	 0.000010
-234098.000000 	 -0.008717 	 0.000010
-232332.000000 	 -0.002360 	 0.000010
-230538.000000 	 -0.002142 	 0.000010
-227244.000000 	 -0.005324 	 0.000010
-225880.000000 	 -0.009448 	 0.000010
-224672.000000 	 0.002610 	 0.000010
-222853.000000 	 0.010861 	 0.000010
-221523.000000 	 0.001826 	 0.000010
-220279.000000 	 0.001036 	 0.000010
-219206.000000 	 0.011721 	 0.000010
-218129.000000 	 0.008922 	 0.000010
-216841.000000 	 -0.004176 	 0.000010
-215447.000000 	 -0.000984 	 0.000010
-214301.000000 	 0.000546 	 0.000010
-212514.000000 	 0.002103 	 0.000010
-209926.000000 	 -0.000946 	 0.000010
-207864.000000 	 -0.005992 	 0.000010
-205904.000000 	 -0.000089 	 0.000010
-204493.000000 	 -0.000229 	 0.000010
-203288.000000 	 0.000000 	 0.000010
-202217.000000 	 0.004053 	 0.000010
-201166.000000 	 0.002077 	 0.000010
-200339.000000 	 -0.002726 	 0.000010
-199222.000000 	 0.002591 	 0.000010
-198178.000000 	 0.001198 	 0.000010
-197052.000000 	 -0.005857 	 0.000010
-195873.000000 	 -0.005468 	 0.000010
-194565.000000 	 -0.001596 	 0.000010
-193367.000000 	 -0.002182 	 0.000010
-192228.000000 	 -0.004516 	 0.000010
-191219.000000 	 0.008405 	 0.000010
-189896.000000 	 0.007867 	 0.000010
-188880.000000 	 -0.018356 	 0.000010
-187646.000000 	 -0.009551 	 0.000010
-186472.000000 	 0.000388 	 0.000010
-185069.000000 	 -0.004402 	 0.000010
-183405.000000 	 -0.001642 	 0.000010
-181416.000000 	 0.005325 	 0.000010
-179649.000000 	 0.001375 	 0.000010
-177707.000000 	 -0.009147 	 0.000010
-176085.000000 	 -0.004745 	 0.000010
-175115.000000 	 0.001425 	 0.000010
-173909.000000 	 0.000863 	 0.000010
-172798.000000 	 0.003224 	 0.000010
-171024.000000 	 0.001897 	 0.000010
-169424.000000 	 0.000653 	 0.000010
-168421.000000 	 -0.000212 	 0.000010
-166120.000000 	 0.006319 	 0.000010
-163911.000000 	 0.000256 	 0.000010
-161827.000000 	 -0.007481 	 0.000010
-159620.000000 	 -0.000634 	 0.000010
-158202.000000 	 -0.004165 	 0.000010
-155490.000000 	 0.000351 	 0.000010
-153081.000000 	 0.004428 	 0.000010
-150702.000000 	 0.000934 	 0.000010
-148371.000000 	 0.000022 	 0.000010
-146095.000000 	 -0.001728 	 0.000010
-143857.000000 	 0.000132 	 0.000010
-141546.000000 	 0.000083 	 0.000010
-140262.000000 	 -0.003235 	 0.000010
-138826.000000 	 -0.001119 	 0.000010
-137760.000000 	 0.003133 	 0.000010
-136400.000000 	 0.007066 	 0.000010
-135340.000000 	 0.010789 	 0.000010
-134500.000000 	 0.010140 	 0.000010
-133979.000000 	 0.016094 	 0.000010
-133568.000000 	 0.017381 	 0.000010
-133093.000000 	 0.019783 	 0.000010
-132739.000000 	 0.028555 	 0.000010
-132200.000000 	 0.008084 	 0.000010
-131737.000000 	 -0.004410 	 0.000010
-131361.000000 	 0.015930 	 0.000010
-130425.000000 	 0.004768 	 0.000010
-129767.000000 	 0.007687 	 0.000010
-128929.000000 	 0.004195 	 0.000010
-128313.000000 	 -0.003681 	 0.000010
-127625.000000 	 0.007563 	 0.000010
-127242.000000 	 0.005272 	 0.000010
-126411.000000 	 -0.003557 	 0.000010
-126005.000000 	 -0.004934 	 0.000010
-125195.000000 	 0.003914 	 0.000010
-124753.000000 	 -0.010340 	 0.000010
-123870.000000 	 -0.000785 	 0.000010
-122843.000000 	 0.004297 	 0.000010
-121799.000000 	 0.005203 	 0.000010
-120671.000000 	 -0.003227 	 0.000010
-119444.000000 	 -0.001584 	 0.000010
-118840.000000 	 -0.003682 	 0.000010
-117543.000000 	 -0.008557 	 0.000010
-116199.000000 	 -0.006357 	 0.000010
-114790.000000 	 -0.007461 	 0.000010
-112567.000000 	 -0.004051 	 0.000010
-111334.000000 	 -0.000490 	 0.000010
-110732.000000 	 0.017903 	 0.000010
-110094.000000 	 0.015612 	 0.000010
-109041.000000 	 -0.005243 	 0.000010
-108034.000000 	 -0.010551 	 0.000010
-106899.000000 	 -0.007044 	 0.000010
-105720.000000 	 -0.004331 	 0.000010
-104544.000000 	 0.004969 	 0.000010
-103647.000000 	 -0.000679 	 0.000010
-102776.000000 	 -0.004837 	 0.000010
-101931.000000 	 0.007516 	 0.000010
-101073.000000 	 0.000177 	 0.000010
-100234.000000 	 0.003601 	 0.000010
-99407.000000 	 0.000927 	 0.000010
-98940.000000 	 -0.010116 	 0.000010
-98033.000000 	 0.003874 	 0.000010
-97133.000000 	 0.003021 	 0.000010
-96742.000000 	 -0.006612 	 0.000010
-95802.000000 	 -0.007651 	 0.000010
-94677.000000 	 -0.004642 	 0.000010
-93583.000000 	 0.000749 	 0.000010
-92275.000000 	 -0.004499 	 0.000010
-90960.000000 	 -0.005329 	 0.000010
-89873.000000 	 0.004545 	 0.000010
-88650.000000 	 0.006258 	 0.000010
-87508.000000 	 0.011796 	 0.000010
-86590.000000 	 0.005807 	 0.000010
-85631.000000 	 0.004169 	 0.000010
-84695.000000 	 0.002085 	 0.000010
-84000.000000 	 -0.008021 	 0.000010
-83199.000000 	 -0.005970 	 0.000010
-82057.000000 	 -0.005737 	 0.000010
-81177.000000 	 -0.005082 	 0.000010
-80050.000000 	 -0.005018 	 0.000010
-79005.000000 	 0.000581 	 0.000010
-77814.000000 	 -0.001453 	 0.000010
-76459.000000 	 0.004760 	 0.000010
-75251.000000 	 0.008033 	 0.000010
-74542.000000 	 0.002256 	 0.000010
-73788.000000 	 -0.005479 	 0.000010
-72589.000000 	 -0.008723 	 0.000010
-71690.000000 	 0.007915 	 0.000010
-70656.000000 	 -0.000179 	 0.000010
-69451.000000 	 -0.014008 	 0.000010
-68343.000000 	 -0.012244 	 0.000010
-67450.000000 	 -0.005685 	 0.000010
-66672.000000 	 0.002826 	 0.000010
-65539.000000 	 0.000719 	 0.000010
-64725.000000 	 -0.001300 	 0.000010
-64000.000000 	 -0.002744 	 0.000010
-63158.000000 	 -0.002442 	 0.000010
-62280.000000 	 -0.000756 	 0.000010
-61570.000000 	 0.004428 	 0.000010
-60767.000000 	 0.004714 	 0.000010
-60064.000000 	 0.012519 	 0.000010
-59449.000000 	 0.012980 	 0.000010
-58839.000000 	 0.003777 	 0.000010
-58284.000000 	 0.000339 	 0.000010
-57658.000000 	 -0.004053 	 0.000010
-56384.000000 	 0.005450 	 0.000010
-55768.000000 	 -0.004886 	 0.000010
-54849.000000 	 -0.008527 	 0.000010
-54044.000000 	 0.000913 	 0.000010
-53316.000000 	 0.000072 	 0.000010
-52654.000000 	 0.001121 	 0.000010
-52067.000000 	 0.000362 	 0.000010
-50447.000000 	 -0.002824 	 0.000010
-49553.000000 	 -0.004026 	 0.000010
-48286.000000 	 -0.000242 	 0.000010
-47898.000000 	 -0.004372 	 0.000010
-47211.000000 	 0.007669 	 0.000010
-45290.000000 	 0.003855 	 0.000010
-44695.000000 	 -0.013091 	 0.000010
-43915.000000 	 -0.004161 	 0.000010
-43205.000000 	 -0.000962 	 0.000010
-42044.000000 	 -0.003008 	 0.000010
-40878.000000 	 -0.004663 	 0.000010
-39964.000000 	 0.004680 	 0.000010
-38335.000000 	 0.003808 	 0.000010
-37574.000000 	 0.003030 	 0.000010
-36883.000000 	 0.003843 	 0.000010
-36143.000000 	 -0.003517 	 0.000010
-35376.000000 	 -0.007138 	 0.000010
-34630.000000 	 -0.002219 	 0.000010
-33799.000000 	 -0.001134 	 0.000010
-33043.000000 	 -0.001175 	 0.000010
-32267.000000 	 0.010692 	 0.000010
-31930.000000 	 -0.001898 	 0.000010
-31108.000000 	 -0.007412 	 0.000010
-30311.000000 	 -0.004315 	 0.000010
-29903.000000 	 -0.002455 	 0.000010
-28926.000000 	 -0.001089 	 0.000010
-27974.000000 	 0.001946 	 0.000010
-26819.000000 	 -0.003387 	 0.000010
-25996.000000 	 -0.007557 	 0.000010
-25112.000000 	 0.006743 	 0.000010
-24335.000000 	 0.000794 	 0.000010
-23601.000000 	 -0.001088 	 0.000010
-22956.000000 	 0.001701 	 0.000010
-22425.000000 	 -0.002181 	 0.000010
-21672.000000 	 0.003844 	 0.000010
-20942.000000 	 0.007114 	 0.000010
-20182.000000 	 0.003145 	 0.000010
-19098.000000 	 -0.003801 	 0.000010
-18051.000000 	 -0.004225 	 0.000010
-17465.000000 	 0.000174 	 0.000010
-16901.000000 	 0.022088 	 0.000010
-16392.000000 	 0.025230 	 0.000010
-15922.000000 	 0.007330 	 0.000010
-15437.000000 	 0.006522 	 0.000010
-15232.000000 	 -0.004846 	 0.000010
-14983.000000 	 0.002273 	 0.000010
-14748.000000 	 0.044619 	 0.000010
-14537.000000 	 0.035646 	 0.000010
-14330.000000 	 -0.001609 	 0.000010
-14102.000000 	 -0.006987 	 0.000010
-13872.000000 	 0.002643 	 0.000010
-13648.000000 	 -0.015929 	 0.000010
-13420.000000 	 0.001025 	 0.000010
-13160.000000 	 0.008192 	 0.000010
-12712.000000 	 0.002734 	 0.000010
-12392.000000 	 0.027718 	 0.000010
-12059.000000 	 0.035759 	 0.000010
-11760.000000 	 0.004896 	 0.000010
-11528.000000 	 -0.000225 	 0.000010
-11315.000000 	 0.026682 	 0.000010
-11097.000000 	 -0.005250 	 0.000010
-10496.000000 	 -0.006760 	 0.000010
-9810.000000 	 0.001635 	 0.000010
-8783.000000 	 -0.002484 	 0.000010
-7918.000000 	 -0.001843 	 0.000010
-7264.000000 	 0.006138 	 0.000010
-6582.000000 	 -0.002180 	 0.000010
-6117.000000 	 0.007450 	 0.000010
-5629.000000 	 0.010230 	 0.000010
-5247.000000 	 -0.004459 	 0.000010
-4889.000000 	 0.002052 	 0.000010
-4516.000000 	 -0.001966 	 0.000010
-4177.000000 	 0.001709 	 0.000010
-3580.000000 	 0.008923 	 0.000010
-2989.000000 	 0.000685 	 0.000010
-2412.000000 	 -0.000336 	 0.000010
-1503.000000 	 0.003892 	 0.000010
-1153.000000 	 0.008750 	 0.000010
-943.000000 	 -0.006618 	 0.000010
-745.000000 	 0.000000 	 0.000010
