# Positive Temperature timeseries data interpolated to CO2 dataset
  290 # Number of data-points
#  Time [Kyr]           Temperature [°C]
-337617.000000 	  11.178450
-336501.000000 	  12.380500
-335048.000000 	  11.161100
-334633.000000 	  10.607800
-332210.000000 	  8.862300
-330244.000000 	  8.324700
-327999.000000 	  7.353450
-325402.000000 	  6.883600
-322830.000000 	  4.199300
-320307.000000 	  3.998350
-318540.000000 	  4.614300
-317160.000000 	  5.779300
-315386.000000 	  7.083500
-313309.000000 	  5.736300
-310709.000000 	  4.159550
-308426.000000 	  4.249400
-306463.000000 	  3.516100
-303797.000000 	  4.522000
-301620.000000 	  3.010300
-299243.000000 	  3.234350
-296645.000000 	  3.585300
-295145.000000 	  3.196550
-292351.000000 	  4.632200
-290148.000000 	  6.265900
-288002.000000 	  5.463000
-286374.000000 	  4.964200
-284032.000000 	  3.569700
-281531.000000 	  2.383100
-278484.000000 	  1.095900
-276045.000000 	  1.540550
-273895.000000 	  1.609300
-272636.000000 	  0.986300
-269531.000000 	  0.409850
-266752.000000 	  1.632300
-263597.000000 	  2.190100
-261585.000000 	  2.324800
-259955.000000 	  2.311300
-258130.000000 	  2.840800
-255459.000000 	  2.261650
-253239.000000 	  1.836100
-251780.000000 	  1.992300
-249495.000000 	  2.061800
-247610.000000 	  3.172300
-245661.000000 	  5.569950
-244915.000000 	  7.019050
-243634.000000 	  10.663600
-242688.000000 	  10.618300
-241355.000000 	  8.059550
-240339.000000 	  6.999700
-238811.000000 	  6.419450
-237911.000000 	  5.937100
-235831.000000 	  4.136200
-234098.000000 	  2.949900
-232332.000000 	  2.587900
-230538.000000 	  1.797900
-227244.000000 	  2.695100
-225880.000000 	  1.886300
-224672.000000 	  3.161700
-222853.000000 	  4.132850
-221523.000000 	  4.925550
-220279.000000 	  5.780300
-219206.000000 	  6.388300
-218129.000000 	  7.859000
-216841.000000 	  7.127650
-215447.000000 	  7.585150
-214301.000000 	  6.979650
-212514.000000 	  6.045500
-209926.000000 	  5.573500
-207864.000000 	  4.904700
-205904.000000 	  4.905500
-204493.000000 	  4.016900
-203288.000000 	  5.217500
-202217.000000 	  6.077900
-201166.000000 	  6.921900
-200339.000000 	  8.111250
-199222.000000 	  7.531000
-198178.000000 	  7.525100
-197052.000000 	  5.997900
-195873.000000 	  5.102400
-194565.000000 	  4.521550
-193367.000000 	  4.562450
-192228.000000 	  3.005500
-191219.000000 	  3.410950
-189896.000000 	  5.025100
-188880.000000 	  3.880300
-187646.000000 	  2.250800
-186472.000000 	  1.842700
-185069.000000 	  2.258000
-183405.000000 	  1.208300
-181416.000000 	  1.809900
-179649.000000 	  3.211450
-177707.000000 	  3.146350
-176085.000000 	  1.932050
-175115.000000 	  1.423300
-173909.000000 	  2.772000
-172798.000000 	  2.497900
-171024.000000 	  1.939100
-169424.000000 	  2.330100
-168421.000000 	  2.722750
-166120.000000 	  0.749300
-163911.000000 	  2.157750
-161827.000000 	  1.384800
-159620.000000 	  2.524300
-158202.000000 	  0.700200
-155490.000000 	  0.577300
-153081.000000 	  1.177300
-150702.000000 	  2.196200
-148371.000000 	  2.034100
-146095.000000 	  1.467300
-143857.000000 	  1.323800
-141546.000000 	  0.805200
-140262.000000 	  0.471100
-138826.000000 	  0.926000
-137760.000000 	  1.629300
-136400.000000 	  2.108300
-135340.000000 	  3.554300
-134500.000000 	  5.098300
-133979.000000 	  6.314250
-133568.000000 	  7.055500
-133093.000000 	  7.982100
-132739.000000 	  9.370850
-132200.000000 	  11.253300
-131737.000000 	  11.923100
-131361.000000 	  11.870000
-130425.000000 	  11.873300
-129767.000000 	  11.212600
-128929.000000 	  9.397450
-128313.000000 	  9.727650
-127625.000000 	  9.815800
-127242.000000 	  9.915300
-126411.000000 	  9.766100
-126005.000000 	  9.453050
-125195.000000 	  9.254550
-124753.000000 	  9.166500
-123870.000000 	  9.147800
-122843.000000 	  8.158250
-121799.000000 	  7.778000
-120671.000000 	  7.369300
-119444.000000 	  5.909100
-118840.000000 	  5.319300
-117543.000000 	  4.699700
-116199.000000 	  4.187500
-114790.000000 	  4.540800
-112567.000000 	  3.268750
-111334.000000 	  2.992400
-110732.000000 	  3.714700
-110094.000000 	  4.102100
-109041.000000 	  5.969450
-108034.000000 	  5.198100
-106899.000000 	  6.007350
-105720.000000 	  4.450300
-104544.000000 	  5.273700
-103647.000000 	  6.292400
-102776.000000 	  5.587100
-101931.000000 	  5.513350
-101073.000000 	  5.734800
-100234.000000 	  5.881500
-99407.000000 	  5.041100
-98940.000000 	  4.904300
-98033.000000 	  5.164900
-97133.000000 	  4.807500
-96742.000000 	  4.638200
-95802.000000 	  3.811700
-94677.000000 	  4.383250
-93583.000000 	  4.223750
-92275.000000 	  3.748300
-90960.000000 	  2.925300
-89873.000000 	  3.162350
-88650.000000 	  3.923300
-87508.000000 	  4.473100
-86590.000000 	  4.932800
-85631.000000 	  5.939000
-84695.000000 	  6.449050
-84000.000000 	  6.438300
-83199.000000 	  5.671650
-82057.000000 	  5.447450
-81177.000000 	  5.648250
-80050.000000 	  4.520800
-79005.000000 	  3.960800
-77814.000000 	  3.261600
-76459.000000 	  3.640100
-75251.000000 	  4.063600
-74542.000000 	  3.927700
-73788.000000 	  4.035500
-72589.000000 	  2.584950
-71690.000000 	  3.189300
-70656.000000 	  3.155700
-69451.000000 	  1.834200
-68343.000000 	  1.142700
-67450.000000 	  0.965800
-66672.000000 	  0.995900
-65539.000000 	  0.550550
-64725.000000 	  1.464550
-64000.000000 	  1.498300
-63158.000000 	  2.300100
-62280.000000 	  0.622300
-61570.000000 	  1.172300
-60767.000000 	  2.067950
-60064.000000 	  2.215100
-59449.000000 	  2.986350
-58839.000000 	  3.644750
-58284.000000 	  3.716700
-57658.000000 	  4.176200
-56384.000000 	  3.342100
-55768.000000 	  2.991900
-54849.000000 	  2.276950
-54044.000000 	  2.879900
-53316.000000 	  2.925100
-52654.000000 	  3.861000
-52067.000000 	  4.274800
-50447.000000 	  2.490700
-49553.000000 	  2.438650
-48286.000000 	  2.625000
-47898.000000 	  2.044800
-47211.000000 	  1.836250
-45290.000000 	  3.061800
-44695.000000 	  2.635300
-43915.000000 	  2.130300
-43205.000000 	  2.046050
-42044.000000 	  1.921900
-40878.000000 	  2.285000
-39964.000000 	  1.407100
-38335.000000 	  2.954800
-37574.000000 	  2.528000
-36883.000000 	  3.525100
-36143.000000 	  2.370000
-35376.000000 	  1.861700
-34630.000000 	  2.116300
-33799.000000 	  1.549300
-33043.000000 	  1.969800
-32267.000000 	  1.189850
-31930.000000 	  1.307800
-31108.000000 	  0.858300
-30311.000000 	  0.781600
-29903.000000 	  0.995000
-28926.000000 	  1.731800
-27974.000000 	  0.951900
-26819.000000 	  1.208050
-25996.000000 	  1.189900
-25112.000000 	  0.441900
-24335.000000 	  0.132050
-23601.000000 	  0.961750
-22956.000000 	  0.707500
-22425.000000 	  0.328300
-21672.000000 	  0.710700
-20942.000000 	  0.419300
-20182.000000 	  0.724700
-19098.000000 	  0.000000
-18051.000000 	  0.631800
-17465.000000 	  1.431550
-16901.000000 	  1.937750
-16392.000000 	  3.419500
-15922.000000 	  4.802100
-15437.000000 	  5.158300
-15232.000000 	  5.178700
-14983.000000 	  5.323600
-14748.000000 	  5.740300
-14537.000000 	  5.986850
-14330.000000 	  5.941800
-14102.000000 	  5.799600
-13872.000000 	  5.812500
-13648.000000 	  5.814900
-13420.000000 	  5.744300
-13160.000000 	  5.941300
-12712.000000 	  6.110100
-12392.000000 	  6.876300
-12059.000000 	  7.668750
-11760.000000 	  8.394300
-11528.000000 	  8.727500
-11315.000000 	  8.795300
-11097.000000 	  8.821900
-10496.000000 	  9.178100
-9810.000000 	  8.808800
-8783.000000 	  7.929400
-7918.000000 	  7.610000
-7264.000000 	  8.022900
-6582.000000 	  7.729600
-6117.000000 	  7.598300
-5629.000000 	  7.834100
-5247.000000 	  7.950600
-4889.000000 	  7.682900
-4516.000000 	  7.620700
-4177.000000 	  7.734350
-3580.000000 	  8.112300
-2989.000000 	  7.829550
-2412.000000 	  7.266700
-1503.000000 	  8.132150
-1153.000000 	  8.273600
-943.000000 	  8.393900
-745.000000 	  7.994300
